0 -857 -897 83
1 21 -890 97
2 -778 -577 42
3 -722 444 11
4 -226 826 30
5 -775 -42 7
6 721 823 19
7 16 816 42
8 203 880 10
9 -251 -992 89
10 -215 970 49
11 390 -19 75
12 -893 277 38
13 808 -514 40
14 -3 -447 46
15 -345 411 31
16 -522 93 100
17 -875 829 75
18 397 -975 36
19 -574 6 1
20 393 -850 76
21 -643 -533 62
22 724 260 24
23 684 -178 11
24 275 678 9
25 127 -317 68
26 656 -624 100
27 179 -747 58
28 -751 895 76
29 237 -59 61
30 -820 -17 61
31 -638 235 49
32 -925 912 36
33 -875 963 83
34 180 112 30
35 554 187 70
36 270 597 37
37 -964 -682 44
38 -2 -325 33
39 667 453 93
40 827 373 100
41 -634 672 36
42 864 -574 14
43 -94 602 28
44 -615 -76 11
45 -54 593 40
46 -536 -811 71
47 585 294 43
48 -382 463 61
49 -999 -100 93
50 449 52 79
51 151 -372 69
52 633 115 57
53 -583 -634 30
54 -415 -142 47
55 -997 -891 19
56 -786 -296 75
57 -344 -288 47
58 -830 -61 19
59 78 -543 88
60 285 -774 58
61 -951 -595 16
62 -304 777 25
63 -325 -800 74
64 69 -232 54
65 -493 595 92
66 272 824 88
67 616 -88 15
68 -928 56 46
69 498 370 13
70 -897 -751 21
71 -383 -508 86
72 933 -194 79
73 -398 297 2
74 -675 -43 96
75 -259 153 34
76 714 260 32
77 165 446 71
78 981 -537 52
79 -166 -38 29
80 -849 986 81
81 -981 -189 35
82 -697 901 67
83 -587 -405 28
84 972 -243 62
85 584 -69 54
86 -428 -645 96
87 -353 856 42
88 -857 454 88
89 272 166 46
90 -595 620 24
91 -335 208 32
92 562 -250 53
93 -425 257 99
94 -952 171 45
95 95 -43 71
96 -278 -908 62
97 -151 -810 31
98 -108 -212 15
99 -773 444 74
100 -536 -120 8
101 759 -49 28
102 676 250 22
103 -47 891 74
104 -335 -118 33
105 -863 -461 28
106 -912 -774 100
107 -820 -602 86
108 496 63 23
109 603 -498 66
110 817 -939 95
111 -29 -388 1
112 -945 117 72
113 508 379 99
114 175 728 73
115 -418 494 46
116 -908 126 55
117 -970 -935 80
118 -745 738 53
119 -41 -189 35
120 -576 -846 18
121 -82 687 30
122 -264 803 62
123 684 914 6
124 699 -557 75
125 -562 -450 96
126 436 -845 34
127 -680 -432 52
128 -703 618 53
129 -722 -181 41
130 -526 -434 85
131 685 -950 24
132 -661 -92 57
133 -268 -369 48
134 594 881 16
135 -689 901 25
136 93 754 36
137 -686 -268 79
138 -354 67 96
139 -153 342 2
140 -878 678 47
141 -264 983 32
142 689 173 1
143 308 432 20
144 -84 -58 74
145 745 -494 79
146 163 -417 25
147 771 313 66
148 -969 -312 34
149 316 341 47
150 -305 -931 95
151 442 530 97
152 -996 51 80
153 -143 98 30
154 727 180 9
155 -602 413 36
156 -382 825 44
157 -438 -59 53
158 971 -232 73
159 -432 459 99
160 278 140 53
161 -531 227 55
162 -598 -445 63
163 173 878 25
164 -179 -111 67
165 752 -248 28
166 416 217 53
167 107 354 78
168 -205 871 80
169 569 852 17
170 -682 -361 75
171 -650 352 12
172 53 579 24
173 518 327 6
174 -335 46 94
175 -102 718 45
176 -810 116 21
177 -74 -286 1
178 -803 438 16
179 518 935 23
180 -761 670 65
181 949 809 72
182 -711 -915 28
183 -229 -685 88
184 229 196 22
185 -392 479 81
186 68 368 42
187 300 -103 15
188 -191 963 84
189 323 -528 40
190 -874 721 81
191 309 962 21
192 71 -438 6
193 -48 -657 42
194 -674 -702 1
195 695 47 94
196 433 -761 39
197 -270 969 31
198 699 467 52
199 772 -690 4
200 -598 151 35
201 466 -433 95
202 -307 -273 67
203 959 -495 3
204 326 464 87
205 -783 958 41
206 -251 722 40
207 447 -618 62
208 381 -506 30
209 993 -870 38
210 -48 904 72
211 -481 484 49
212 173 718 45
213 -587 -135 11
214 -816 -563 18
215 -460 -917 86
216 -140 -825 10
217 -933 686 26
218 691 445 8
219 -258 894 28
220 -841 186 98
221 626 105 54
222 788 398 74
223 -238 385 51
224 -145 -52 33
225 594 -149 76
226 812 663 61
227 -871 -812 58
228 265 341 9
229 -857 850 81
230 946 290 94
231 119 -176 46
232 985 779 60
233 -149 -708 12
234 -490 -543 42
235 -576 664 19
236 -424 593 30
237 -438 259 65
238 -443 -254 13
239 45 -199 65
240 -54 -313 83
241 185 415 32
242 544 -366 94
243 394 -917 79
244 -921 -584 69
245 510 -430 22
246 571 -107 63
247 -388 -282 6
248 -468 -266 16
249 872 993 24
250 156 114 95
251 -598 588 21
252 393 -207 41
253 -252 -914 93
254 636 -121 10
255 565 -496 54
256 -880 770 67
257 -296 49 43
258 -365 224 17
259 -413 769 68
260 -188 -517 7
261 253 783 71
262 -652 -635 74
263 779 -318 63
264 454 -474 39
265 -737 109 55
266 461 -367 87
267 407 -683 15
268 -79 -944 66
269 206 351 89
270 -488 879 85
271 140 -890 69
272 27 831 1
273 702 752 74
274 701 743 86
275 926 -537 57
276 296 -572 91
277 932 -492 33
278 -669 -747 77
279 -909 190 41
280 -541 921 62
281 902 -714 52
282 955 102 41
283 405 -409 98
284 -12 -999 62
285 585 313 26
286 165 -471 4
287 377 -814 29
288 964 -477 12
289 353 -807 90
290 -350 -773 53
291 413 638 19
292 -585 996 50
293 -289 253 33
294 -424 733 17
295 835 158 13
296 640 549 72
297 -395 790 7
298 968 813 83
299 949 132 92
300 256 -25 5
301 272 197 6
302 -124 6 73
303 92 -448 5
304 -296 9 39
305 843 -330 39
306 891 400 26
307 -860 823 20
308 -622 776 48
309 -764 -468 45
310 -542 745 9
311 -34 727 60
312 529 -52 84
313 -72 -294 49
314 356 508 55
315 686 716 27
316 -226 -194 52
317 -40 -398 59
318 -580 -212 95
319 -140 523 52
320 -782 685 45
321 -288 -277 44
322 -150 -233 26
323 -274 -387 28
324 -334 881 5
325 790 804 100
326 388 -897 98
327 630 -299 47
328 -251 477 8
329 -111 323 100
330 -220 400 86
331 -833 802 90
332 504 344 1
333 360 -683 20
334 515 53 50
335 776 85 97
336 -248 182 91
337 -467 -788 25
338 178 529 91
339 626 -149 75
340 1000 558 89
341 145 742 22
342 -423 117 55
343 639 -926 4
344 -192 -899 88
345 -439 454 83
346 -794 -351 62
347 469 -730 87
348 942 242 62
349 -69 96 37
350 357 787 80
351 -473 273 47
352 171 354 87
353 256 -155 31
354 60 -918 51
355 682 803 63
356 -902 861 72
357 998 921 58
358 -898 -440 89
359 -840 -485 25
360 -680 -195 92
361 647 443 29
362 106 -497 55
363 -690 830 67
364 697 -332 57
365 381 -707 56
366 -852 301 97
367 -903 -132 61
368 986 -934 32
369 267 -415 27
370 -905 -951 78
371 250 -867 1
372 361 -58 25
373 -395 780 95
374 561 715 19
375 122 -322 36
376 118 785 66
377 297 -720 55
378 853 -451 16
379 -875 830 38
380 -171 835 78
381 -549 -588 9
382 916 630 73
383 -367 733 95
384 400 741 50
385 533 496 84
386 40 -800 86
387 90 673 48
388 -322 -828 34
389 472 552 9
390 171 526 24
391 -797 115 7
392 903 -74 82
393 -255 -468 51
394 -684 -688 72
395 -290 -680 28
396 -807 -660 54
397 -365 -442 30
398 -291 890 92
399 -206 -665 6
400 -571 748 48
401 -641 -968 23
402 -420 667 53
403 774 338 89
404 -231 652 94
405 -162 -93 84
406 -39 -669 16
407 -51 -937 39
408 -4 432 27
409 778 3 78
410 451 498 72
411 -73 719 60
412 25 174 12
413 595 154 54
414 -791 -616 26
415 151 546 34
416 -12 130 92
417 401 -463 48
418 -176 -898 98
419 -911 99 72
420 404 -96 23
421 913 -276 7
422 996 996 55
423 173 -139 92
424 -757 -840 66
425 353 -407 25
426 -141 -429 18
427 688 795 46
428 523 674 20
429 521 -874 88
430 -422 501 64
431 620 -460 79
432 923 -272 94
433 175 -68 6
434 416 284 58
435 -828 -190 4
436 -356 891 90
437 400 -65 51
438 888 621 64
439 721 18 5
440 937 -666 67
441 -46 942 26
442 -52 112 100
443 -32 831 39
444 -557 927 18
445 -83 276 16
446 -497 664 50
447 -580 441 44
448 -393 469 20
449 -23 -208 29
450 128 -213 56
451 -673 -955 25
452 951 393 63
453 -640 -203 91
454 372 -640 79
455 -327 1000 7
456 -772 -697 65
457 -213 374 1
458 -480 202 59
459 -532 -401 71
460 -701 806 55
461 149 -16 79
462 -441 636 32
463 -660 916 61
464 858 -385 82
465 -43 924 38
466 902 -361 95
467 235 -61 72
468 265 625 82
469 -694 163 84
470 -933 -120 39
471 -793 509 79
472 363 300 3
473 -946 857 99
474 701 -628 23
475 361 477 28
476 -823 353 49
477 596 817 60
478 394 -418 63
479 630 -935 97
480 986 532 67
481 -172 -92 92
482 -222 777 31
483 69 740 28
484 137 183 47
485 -455 -334 53
486 173 672 64
487 278 492 43
488 306 -753 89
489 -370 -146 68
490 -125 -244 36
491 633 333 69
492 425 -463 24
493 647 -911 19
494 2 -738 93
495 662 -903 34
496 -90 -199 16
497 -181 452 28
498 874 -140 73
499 -511 806 99
500 466 80 36
501 196 167 45
502 -992 -508 61
503 -715 37 83
504 -302 -71 77
505 98 -48 38
506 660 989 81
507 -259 -25 55
508 294 -559 65
509 -760 657 9
510 26 627 98
511 -122 717 34
512 779 828 60
513 -442 316 90
514 889 -288 51
515 -297 787 87
516 386 -555 59
517 585 -79 26
518 4 -192 74
519 173 92 78
520 -580 -417 24
521 896 696 62
522 446 70 51
523 980 -698 63
524 -699 728 28
525 296 395 32
526 751 900 53
527 -767 -542 26
528 550 -643 66
529 576 -452 46
530 -935 -555 93
531 -9 -425 70
532 308 -856 11
533 525 -444 32
534 -742 -546 10
535 666 -32 23
536 -367 -26 75
537 -507 193 28
538 -639 226 21
539 222 137 18
540 -860 -164 54
541 473 308 37
542 -254 -750 84
543 867 -38 20
544 -314 617 16
545 199 -453 33
546 -749 -127 54
547 187 -24 62
548 993 -523 39
549 -680 -630 20
550 255 50 32
551 -238 -367 40
552 -371 -161 24
553 -24 14 98
554 -659 -723 49
555 -398 -558 21
556 499 -549 60
557 885 473 78
558 -561 -360 30
559 82 789 1
560 -263 -51 26
561 -949 290 4
562 -226 -492 41
563 -162 914 40
564 702 -483 41
565 457 873 19
566 -832 109 67
567 139 -476 89
568 -145 -887 88
569 -71 904 41
570 -922 229 1
571 -892 -19 77
572 -531 115 1
573 -29 628 17
574 359 -251 22
575 278 -81 32
576 -456 -42 8
577 519 546 54
578 -112 665 67
579 -581 993 11
580 -591 -465 29
581 570 746 5
582 747 -668 9
583 103 152 83
584 -758 -980 14
585 689 -186 73
586 -977 -567 9
587 169 -639 43
588 207 517 79
589 411 335 17
590 -125 -383 6
591 -820 -227 47
592 -2 818 33
593 875 386 81
594 506 990 26
595 -435 630 25
596 140 832 17
597 366 229 59
598 80 371 3
599 262 452 98
600 589 785 4
601 -709 927 45
602 75 239 16
603 -5 -809 4
604 -159 -742 14
605 -877 -123 52
606 -588 -83 16
607 34 -46 15
608 826 -111 75
609 -347 9 8
610 -766 540 48
611 721 554 26
612 -853 -95 24
613 -628 153 27
614 369 159 43
615 -211 -503 51
616 628 413 18
617 -552 -374 36
618 227 913 65
619 391 -822 35
620 428 757 65
621 -746 -672 68
622 119 -381 24
623 719 936 83
624 -577 -86 3
625 14 -961 28
626 776 -609 54
627 -605 -583 33
628 -374 -525 85
629 -868 -286 85
630 -129 469 60
631 -566 161 49
632 -42 719 2
633 -103 -717 17
634 268 -333 73
635 418 -144 27
636 999 -501 69
637 196 313 52
638 538 -17 45
639 -660 -341 76
640 165 948 33
641 -874 188 29
642 35 -97 49
643 635 424 61
644 753 -15 17
645 -450 548 42
646 -321 -127 67
647 -341 958 56
648 916 198 84
649 307 -333 19
650 851 269 13
651 -780 -708 44
652 915 -558 86
653 -598 -157 47
654 22 -889 35
655 72 -901 36
656 -635 630 38
657 244 -172 90
658 617 -658 17
659 62 291 70
660 -706 -485 10
661 -968 -813 74
662 38 -481 76
663 -193 -266 84
664 -870 163 89
665 -614 16 58
666 786 -991 45
667 -874 804 69
668 330 500 55
669 439 -42 100
670 480 977 87
671 -406 999 10
672 -158 -34 77
673 -791 320 33
674 -194 -222 78
675 -414 -616 37
676 -278 -844 2
677 -257 45 42
678 -741 855 20
679 -362 941 56
680 622 22 8
681 -54 448 31
682 441 -66 78
683 542 -163 50
684 111 547 92
685 180 938 14
686 44 337 52
687 -875 -166 45
688 -917 51 64
689 -972 326 64
690 -329 -14 76
691 -34 -525 78
692 271 -364 37
693 -33 403 94
694 236 324 84
695 -809 -146 96
696 -249 -57 92
697 352 842 95
698 474 114 54
699 -859 -438 65
700 -942 599 68
701 -269 163 100
702 414 745 61
703 -660 -583 76
704 424 -16 47
705 155 -132 4
706 993 620 43
707 -965 484 72
708 -264 -300 26
709 71 -351 67
710 926 -149 47
711 -427 951 67
712 -488 411 48
713 135 -940 5
714 257 -496 4
715 -585 -170 97
716 -834 826 32
717 604 -129 94
718 993 -226 85
719 703 143 12
720 -292 518 15
721 -988 588 90
722 -966 613 64
723 -309 -63 60
724 250 -697 67
725 765 -431 23
726 84 -901 34
727 -785 -843 62
728 -765 -592 40
729 402 -971 20
730 108 91 72
731 -953 56 72
732 -35 -570 97
733 -454 -483 67
734 716 -919 64
735 776 -252 87
736 698 655 96
737 -68 722 85
738 466 979 3
739 -599 160 9
740 465 206 82
741 -285 -915 30
742 179 580 85
743 131 826 3
744 -78 -3 81
745 794 -261 80
746 -662 194 17
747 -729 -406 2
748 711 873 92
749 400 575 35
750 -450 -385 94
751 -56 -629 33
752 -217 -941 62
753 325 147 79
754 -791 -631 76
755 580 -496 91
756 -654 479 57
757 554 40 45
758 -841 4 91
759 -984 -976 29
760 -455 -177 1
761 544 -503 56
762 -269 -432 7
763 -85 -113 2
764 138 -350 7
765 265 624 93
766 329 -470 59
767 757 173 80
768 988 -519 18
769 955 -652 86
770 -947 799 24
771 456 979 78
772 -971 -44 13
773 -153 -734 69
774 809 -842 89
775 815 207 17
776 202 433 20
777 907 478 54
778 690 -29 23
779 -854 50 49
780 266 -200 6
781 -726 942 66
782 477 -872 54
783 -109 960 59
784 -176 -903 44
785 335 -340 43
786 -520 -527 28
787 -939 589 76
788 -935 -833 18
789 473 522 31
790 104 731 80
791 -320 867 99
792 134 30 24
793 902 -643 40
794 -7 -230 31
795 209 -77 89
796 -190 252 33
797 320 109 14
798 -351 -546 60
799 -16 390 81
800 891 -331 55
801 882 920 68
802 -605 161 55
803 822 -951 86
804 572 -915 83
805 -394 -86 80
806 -645 -624 89
807 225 -42 50
808 -129 463 28
809 218 -696 50
810 -602 -19 5
811 506 482 20
812 -223 -639 1
813 441 -654 36
814 -739 26 76
815 -134 -658 5
816 784 -566 43
817 542 -438 6
818 768 -579 11
819 367 422 66
820 -540 -142 47
821 -875 728 37
822 179 380 20
823 626 813 69
824 -285 -970 82
825 58 -955 32
826 972 -957 76
827 -916 917 21
828 -27 626 86
829 24 187 81
830 405 275 16
831 -621 5 37
832 -182 -416 95
833 -83 -415 58
834 84 -914 80
835 239 702 78
836 925 811 23
837 -573 -731 74
838 500 -720 24
839 46 -466 1
840 -497 -772 14
841 -137 -291 93
842 347 88 69
843 -442 805 23
844 -10 729 98
845 355 101 62
846 -460 562 48
847 224 -147 6
848 804 -761 85
849 -589 275 55
850 -549 -596 85
851 -782 -582 13
852 -440 -896 29
853 143 217 34
854 -179 -676 66
855 199 -472 91
856 -955 734 35
857 -960 180 100
858 267 458 35
859 105 -863 92
860 -540 -350 89
861 290 524 75
862 -722 -795 99
863 -497 95 65
864 66 -228 88
865 278 -553 88
866 -853 -833 33
867 -845 837 54
868 807 -397 42
869 -375 -895 68
870 -868 26 39
871 -551 -445 93
872 48 -376 38
873 694 610 23
874 -619 198 14
875 570 -866 95
876 -368 47 41
877 -138 -964 19
878 58 -202 86
879 -845 272 8
880 -310 357 91
881 -848 -943 21
882 -481 60 97
883 -808 800 11
884 618 807 63
885 -520 -423 14
886 832 884 27
887 162 -173 21
888 -699 -566 64
889 632 63 90
890 -490 -925 12
891 934 -415 21
892 -403 -969 3
893 -46 -656 51
894 834 -247 41
895 -671 -257 97
896 961 -734 78
897 205 -276 87
898 738 -400 94
899 -266 -765 17
900 62 346 59
901 535 706 2
902 -246 -314 58
903 -867 720 86
904 966 -435 46
905 -340 37 7
906 -826 -654 97
907 -549 502 90
908 -894 173 28
909 -40 -693 96
910 -125 -22 2
911 555 -124 36
912 -303 96 10
913 -108 -992 30
914 -569 -823 16
915 58 204 8
916 563 -581 83
917 538 849 75
918 900 -406 21
919 -507 -724 81
920 -900 789 77
921 263 -561 79
922 99 257 7
923 -371 -173 47
924 -775 906 27
925 -290 -64 97
926 -480 -468 10
927 -471 -104 48
928 846 356 69
929 571 -847 88
930 -678 -940 4
931 -236 -784 97
932 134 -165 89
933 420 -103 90
934 233 -849 18
935 358 -242 29
936 535 540 45
937 638 -315 51
938 -160 449 6
939 463 913 31
940 820 660 13
941 297 -974 85
942 743 -595 30
943 218 -764 12
944 -202 439 41
945 961 384 36
946 565 979 24
947 354 -621 1
948 99 553 79
949 -377 -758 29
950 488 -945 59
951 -173 675 54
952 -869 206 51
953 199 344 86
954 -33 313 78
955 -727 -215 33
956 -597 -987 38
957 -679 98 9
958 -289 -908 56
959 670 309 16
960 -652 -16 77
961 159 -48 1
962 -768 936 14
963 -809 207 42
964 -899 660 9
965 762 -193 57
966 -805 745 51
967 945 437 63
968 675 -983 93
969 524 467 86
970 -992 -841 75
971 294 -24 23
972 -709 -716 7
973 926 53 52
974 150 438 19
975 447 712 75
976 -660 850 16
977 -492 -783 19
978 21 477 34
979 720 611 83
980 142 -221 19
981 704 4 96
982 599 -259 41
983 0 993 94
984 -259 207 73
985 -670 968 57
986 -113 589 15
987 559 305 3
988 973 855 23
989 454 960 12
990 -280 -916 24
991 -3 943 81
992 -882 185 56
993 -506 -523 19
994 839 895 82
995 317 350 40
996 296 894 41
997 -80 435 29
998 459 112 25
999 867 -162 6
